0.01599431037902832
2.5026228427886963
0.42977118492126465
0.11030340194702148
0.0001418590545654297
0.4862656593322754
0.00012969970703125
0.5874021053314209
0.0005593299865722656
0.00019097328186035156
5.91278076171875e-05
0.7883005142211914
5.000011444091797
2.2351715564727783
5.14984130859375e-05
2.934370994567871
0.9195294380187988
1.1556675434112549
0.5395400524139404
0.9410619735717773
0.4586327075958252
1.0032954216003418
0.1378030776977539
1.5025925636291504
0.6460812091827393
2.2957122325897217
0.1691577434539795
0.8164699077606201
0.3721001148223877
2.571664333343506
1.3497390747070312
5.000019788742065
5.00000262260437
3.739271640777588
dead