0.6648156642913818
0.9639103412628174
5.000100612640381
0.40663743019104004
0.4833526611328125
0.46184492111206055
0.41442155838012695
0.570610761642456
0.6876239776611328
2.953805685043335
0.6844620704650879
1.691953182220459
0.09629178047180176
0.29260849952697754
0.29146718978881836
1.0801715850830078
0.6999223232269287
3.4548234939575195
0.5192563533782959
0.48838114738464355
0.9961981773376465
0.5290992259979248
1.5136559009552002
5.000194311141968
0.9465386867523193
0.07356476783752441
0.02937602996826172
0.5064337253570557
0.7632458209991455
0.010253429412841797
0.4370734691619873
0.1400141716003418
0.459991455078125
0.47209692001342773
0.6500630378723145
0.4763062000274658
4.285915851593018
0.6052992343902588
0.526310920715332
3.326758861541748
5.000185012817383
5.000146865844727
0.010801076889038086
0.48180675506591797
2.9338648319244385
3.4048871994018555
1.5599822998046875
3.1764602661132812
0.5514864921569824
0.43300890922546387
0.44403767585754395
0.4150416851043701
0.39530181884765625
0.5126290321350098
0.5068151950836182
0.5689048767089844
0.5148813724517822
0.49010205268859863
0.012111902236938477
1.5585691928863525
0.5133447647094727
1.4412145614624023
0.458432674407959
5.000154495239258
0.5114738941192627
0.7013943195343018
1.397981882095337
0.4425935745239258
0.4369783401489258
True