5.000000953674316
2.257824420928955
5.000016212463379
0.8633987903594971
0.4677426815032959
5.000001430511475
0.7519345283508301
0.6108958721160889
0.5502080917358398
0.9186794757843018
3.0177907943725586
3.489057779312134
0.5182008743286133
0.8764464855194092
0.4051778316497803
1.0093529224395752
0.8697071075439453
0.7961759567260742
1.0307955741882324
5.0000035762786865
5.000013113021851
0.5765140056610107
1.3635528087615967
0.688532829284668
0.9703047275543213
0.4647490978240967
1.5790207386016846
1.085397481918335
4.077078342437744
0.5514585971832275
0.5105221271514893
0.7181210517883301
1.5887565612792969
True