2.161346435546875
0.20480799674987793
1.385349988937378
0.4969513416290283
0.5280513763427734
0.0264437198638916
0.35476207733154297
0.24347639083862305
0.05775141716003418
0.9123530387878418
0.5496654510498047
0.23779511451721191
1.1472690105438232
1.2931325435638428
0.00011277198791503906
1.3680970668792725
0.2417137622833252
0.0001285076141357422
0.4649195671081543
0.00025582313537597656
0.8646337985992432
0.7805747985839844
10.000012874603271
2.195251703262329
0.760352373123169
0.00022149085998535156
0.0377659797668457
10.000004053115845
7.532829761505127
0.9669733047485352
8.397145509719849
0.6933987140655518
0.5957307815551758
0.05850863456726074
0.00021457672119140625
0.7000765800476074
0.2225780487060547
0.6115360260009766
0.00010085105895996094
0.4475741386413574
0.44728922843933105
0.5519673824310303
0.08684372901916504
0.711012601852417
0.15733718872070312
0.025241851806640625
0.7765860557556152
0.03324604034423828
0.6337535381317139
9.751319885253906e-05
0.4552938938140869
0.5283246040344238
0.5677261352539062
0.2638227939605713
0.00019693374633789062
1.1719496250152588
3.1085457801818848
3.7343316078186035
2.465437412261963
0.5996017456054688
1.036933422088623
0.6882762908935547
0.8683140277862549
0.5109000205993652
0.950814962387085
0.015332937240600586
0.5956776142120361
0.00020170211791992188
0.05577993392944336
0.00012135505676269531
1.349675178527832
0.6724066734313965
0.9524476528167725
0.07201647758483887
0.7948241233825684
0.06510710716247559
4.907135009765625
0.00013709068298339844
2.569373607635498
1.147603988647461
0.0492708683013916
0.03436422348022461
0.7192201614379883
0.5161736011505127
0.00011467933654785156
0.10688567161560059
0.4681117534637451
7.82012939453125e-05
0.00015926361083984375
0.5263564586639404
0.4726741313934326
0.5765786170959473
0.7960870265960693
2.445551633834839
4.962639331817627
4.083360433578491
True