1.893470287322998
4.438835620880127
3.2021918296813965
1.1650111675262451
0.891096830368042
0.1673738956451416
1.5279626846313477
0.9097907543182373
2.201263189315796
0.43625950813293457
0.17989230155944824
0.8857870101928711
0.3751347064971924
1.2948920726776123
0.5366785526275635
1.238318920135498
5.152856826782227
0.5822467803955078
1.8525803089141846
0.20932364463806152
1.6163561344146729
0.6492369174957275
0.47167134284973145
1.8351690769195557
0.00029087066650390625
0.8192434310913086
3.1212656497955322
0.46300482749938965
0.8033742904663086
0.6813268661499023
0.3970820903778076
0.4236793518066406
0.3628814220428467
0.6235854625701904
0.2542109489440918
0.24462127685546875
0.22565436363220215
0.36658740043640137
0.271648645401001
2.0330731868743896
0.9194746017456055
0.3655836582183838
2.773646593093872
0.39035463333129883
0.00013136863708496094
0.5023589134216309
0.5037844181060791
0.00024127960205078125
0.45955753326416016
0.36568188667297363
0.8769106864929199
0.5660996437072754
0.8921105861663818
0.6153373718261719
1.0193235874176025
0.5310540199279785
0.48636412620544434
0.2984464168548584
0.6016004085540771
0.17299461364746094
True