5.000012636184692
4.020110607147217
3.5451645851135254
5.00006628036499
3.6648590564727783
1.9717612266540527
2.9009053707122803
5.000104904174805
0.0044023990631103516
5.0001466274261475
5.000036001205444
4.130449056625366
1.851839542388916
0.20182132720947266
5.000058889389038
0.011831998825073242
0.5666725635528564
0.6463527679443359
4.232245445251465
3.971388578414917
3.7725670337677
1.3479681015014648
1.2516000270843506
1.0275418758392334
4.4664998054504395
1.1491632461547852
0.5530610084533691
5.000842809677124
0.23800039291381836
0.00026869773864746094
0.7974462509155273
0.20366740226745605
0.419705867767334
3.1142313480377197
0.020931005477905273
5.000075340270996
5.000131607055664
0.02219367027282715
2.7610485553741455
0.010161638259887695
1.4148526191711426
0.010655879974365234
5.0001161098480225
True